step2_task1_A_0.01_result1:2.4288713932037354 seconds 
step2_task1_A_0.005_result1:7.529301404953003 seconds
step2_task1_A_0.002_result1:149.2800579071045 seconds
step2_task1_B_0.005_result1:708.7250924110413 seconds
step2_task1_B_0.002_result1:3427.901695728302 seconds
step2_task1_B_0.0015_result1:5621.77041053772 seconds
step2_task1_C_0.03_result1:619.2569808959961 seconds
step2_task1_C_0.02_result1:1514.870581150055 seconds
step2_task1_C_0.01_result1:3783.693499803543 seconds

